
% Capacitor data from http://ksim.kemet.com/Ceramic/CeramicCapSelection.aspx
% Capacitors and associated parameter arrays ordered as follows : 
% caps = [C0402C223K5RACAUTO(50volt), C1206C104KARACAUTO(250volt),
% C1812C334KCRAC(500volts), C1812C154KDRAC(1000volts),
% C2225C104KFRAC(1500volts), C1812C103KGRAC(2000volts),
% C2225C102KHRAC(3000volts)];



function [C,RC] = capacitorESR(minC,swFreq,V_out)
%Determine a capacitance and equivalent series resistance based on the
%system's minimum capacitace requirement, switching frequency, and required
%max voltage rating

%Initialize for logical comparisons:
C = 0; 

%Initial number of capacitors/capacitor branches in parallel:
numCaps_parallel = 1;

%Initial number of capacitors in series per branch:  
numCaps_series = 1;

%Logic flag indicating the voltage across each individual capacitor is
%greater than the highest available voltage rating in our data ratedVoltage
%is in volts. Each entry corresponds to a different capacitor from
%ksim.kemet:
vTooHigh = false;

%Voltage ratings of capacitors. Each entry corresponds to a different capacitor from ksim.kemet
ratedVoltage = [50,250,500,1000,1500,2000,3000];

%caps is in Farads. Each entry corresponds to a different capacitor from ksim.kemet
caps = [22e-9, 100e-9, 330e-9, 150e-9, 100e-9, 10e-9, 1e-9];

%freqRange is in Hertz. Each entry corresponds to a different capacitor from ksim.kemet
freqRange = [1	1.047129	1.096478	1.148154	1.202264	1.258925	1.318257	1.380384	1.44544	1.513561	1.584893	1.659587	1.737801	1.819701	1.905461	1.995262	2.089296	2.187762	2.290868	2.398833	2.511886	2.630268	2.754229	2.884032	3.019952	3.162278	3.311311	3.467369	3.63078	3.801894	3.981072	4.168694	4.365158	4.570882	4.786301	5.011872	5.248075	5.495409	5.754399	6.025596	6.309574	6.606935	6.918309	7.24436	7.585776	7.943282	8.317638	8.709636	9.120108	9.549926	10	10.47128	10.96478	11.48153	12.02265	12.58925	13.18257	13.80384	14.4544	15.13561	15.84893	16.59587	17.37801	18.19701	19.05461	19.95262	20.89296	21.87762	22.90868	23.98833	25.11886	26.30268	27.54229	28.84032	30.19952	31.62278	33.11311	34.67368	36.3078	38.01894	39.81072	41.68694	43.65158	45.70882	47.863	50.11873	52.48075	54.95409	57.54399	60.25595	63.09573	66.06935	69.18311	72.4436	75.85776	79.43282	83.17637	87.09637	91.2011	95.49926	100	104.7129	109.6478	114.8153	120.2264	125.8925	131.8256	138.0385	144.544	151.3562	158.4893	165.9587	173.7801	181.9701	190.5461	199.5262	208.9296	218.7761	229.0867	239.8834	251.1887	263.0269	275.4229	288.4032	301.9952	316.2278	331.1311	346.7368	363.078	380.1893	398.1071	416.8693	436.5159	457.0883	478.6302	501.1873	524.8075	549.5409	575.4399	602.5596	630.9573	660.6934	691.8308	724.4358	758.5778	794.3284	831.7639	870.9637	912.0109	954.9926	1000	1047.129	1096.478	1148.153	1202.264	1258.925	1318.256	1380.385	1445.44	1513.562	1584.893	1659.587	1737.801	1819.701	1905.461	1995.262	2089.296	2187.761	2290.867	2398.833	2511.887	2630.269	2754.229	2884.032	3019.952	3162.278	3311.311	3467.368	3630.78	3801.893	3981.071	4168.693	4365.159	4570.883	4786.302	5011.873	5248.075	5495.409	5754.399	6025.596	6309.573	6606.934	6918.308	7244.358	7585.778	7943.284	8317.64	8709.637	9120.109	9549.927	10000	10471.29	10964.78	11481.54	12022.64	12589.25	13182.56	13803.84	14454.39	15135.61	15848.92	16595.86	17378	18197.02	19054.62	19952.63	20892.97	21877.62	22908.68	23988.34	25118.87	26302.68	27542.29	28840.32	30199.52	31622.78	33113.11	34673.68	36307.8	38018.93	39810.71	41686.93	43651.57	45708.8	47862.99	50118.7	52480.72	54954.06	57544.02	60255.99	63095.76	66069.37	69183.13	72443.62	75857.78	79432.84	83176.39	87096.37	91201.09	95499.27	100000	104712.9	109647.8	114815.3	120226.4	125892.5	131825.6	138038.4	144543.9	151356.1	158489.3	165958.6	173780	181970.2	190546.2	199526.3	208929.7	218776.2	229086.8	239883.4	251188.7	263026.8	275422.9	288403.2	301995.2	316227.8	331131.1	346736.8	363078	380189.3	398107.1	416869.3	436515.7	457088	478629.9	501187	524807.2	549540.6	575440.3	602559.9	630957.6	660693.7	691831.2	724436.2	758577.8	794328.4	831763.9	870963.7	912010.9	954992.6	1000000	1047129	1096478	1148154	1202264	1258925	1318256	1380384	1445439	1513561	1584893	1659586	1737800	1819702	1905462	1995263	2089297	2187763	2290868	2398834	2511887	2630269	2754229	2884032	3019952	3162278	3311311	3467368	3630780	3801893	3981071	4168693	4365157	4570881	4786299	5011870	5248072	5495406	5754403	6025599	6309576	6606937	6918312	7244362	7585778	7943284	8317639	8709637	9120109	9549926	1.00E+07
            ];

%esrMATRIX is in Ohms. Each row corresponds to a different capacitor from ksim.kemet.
%each column is an equivalent series resistance corresponding to a
%frequency given in the freqRange vector above.
